data; 
param n := 128; 
param c1:  1 2 3 4 5 6 7 8 9 10 11 12 13 14 15 16 17 18 19 20 21 22 23 24 25 26 27 28 29 30 31 32 33 34 35 36 37 38 39 40 41 42 43 44 45 46 47 48 49 50 51 52 53 54 55 56 57 58 59 60 61 62 63 64 65 66 67 68 69 70 71 72 73 74 75 76 77 78 79 80 81 82 83 84 85 86 87 88 89 90 91 92 93 94 95 96 97 98 99 100 101 102 103 104 105 106 107 108 109 110 111 112 113 114 115 116 117 118 119 120 121 122 123 124 125 126 127 128 := 
1  700 823 457 858 186 829 995 832 979 504 765 971 198 257 540 167 258 409 690 53 853 340 310 407 89 407 830 881 838 603 214 527 164 310 683 274 858 572 678 230 665 24 414 610 831 996 977 175 934 313 347 291 819 30 147 107 624 657 191 898 515 436 81 304 777 890 233 82 317 154 686 970 478 596 982 444 302 818 206 484 30 449 9 927 651 39 70 635 827 971 965 497 315 560 893 242 338 400 19 120 990 586 476 812 881 645 208 312 679 902 930 117 128 510 424 789 419 579 286 845 489 665 42 964 947 382 195 712
2  834 63 421 337 378 185 596 690 196 756 761 28 179 988 454 229 405 325 58 985 0 378 932 636 817 374 155 625 160 483 621 993 569 801 109 941 836 797 673 260 30 801 377 329 263 411 970 467 380 801 552 672 484 522 680 124 490 800 641 433 462 274 811 255 527 803 118 794 601 277 638 704 963 317 250 89 978 387 110 589 912 116 421 76 824 562 595 68 974 727 458 797 83 908 583 807 2 346 177 55 69 207 215 780 483 143 665 774 541 547 733 323 446 161 1 766 740 856 238 552 76 266 442 669 193 444 350 578
3  465 858 282 82 323 871 645 127 171 292 888 155 188 729 971 485 510 231 650 171 875 169 28 906 757 366 824 874 364 255 790 862 688 238 518 568 914 478 672 811 134 87 307 257 262 9 527 345 463 970 203 351 195 524 842 886 190 567 991 694 293 692 761 305 117 422 141 944 888 639 775 134 688 537 811 576 549 988 211 236 491 561 667 19 643 299 879 99 72 5 500 701 758 993 478 144 490 201 896 23 61 86 645 680 297 967 438 534 878 331 743 420 856 170 171 811 45 575 758 684 179 665 337 841 843 442 923 697
4  715 289 599 894 555 649 921 620 756 900 254 182 952 548 788 205 390 639 171 805 259 736 881 231 180 891 436 765 398 788 521 103 987 640 957 68 568 477 169 262 622 187 498 167 447 37 257 307 245 424 894 293 581 315 37 966 695 134 435 415 757 896 55 307 163 13 645 873 408 514 114 853 903 384 963 933 348 362 847 465 889 794 45 801 400 99 257 171 604 964 693 852 705 666 834 307 384 795 631 100 767 223 121 632 993 386 638 182 540 796 838 304 352 267 751 362 96 468 925 867 607 318 551 345 689 190 118 636
5  944 61 753 902 255 556 929 130 850 301 595 580 653 106 134 450 725 308 764 30 200 3 127 734 34 11 846 700 291 166 778 103 417 898 541 931 172 182 629 724 440 586 126 719 148 583 556 895 906 266 912 659 790 328 266 294 903 487 672 844 937 555 225 787 23 969 294 744 540 956 896 437 413 424 131 321 659 338 392 611 595 572 797 916 152 212 913 334 232 824 394 658 868 496 570 269 257 331 406 438 382 648 472 988 42 354 755 697 586 828 185 414 546 176 748 556 678 918 914 584 598 992 909 61 353 466 47 126
6  755 501 939 556 248 912 898 99 409 151 277 456 933 652 777 76 61 244 17 942 19 799 747 643 943 354 162 341 155 691 684 671 420 777 451 222 993 512 493 41 836 956 246 462 402 579 609 695 736 95 235 813 492 147 131 156 639 423 906 741 247 806 217 936 792 802 67 547 808 795 586 442 570 655 872 42 729 837 257 302 460 400 106 307 733 295 878 244 794 866 714 288 779 767 263 920 670 383 810 264 497 416 0 331 720 511 659 447 281 652 232 732 661 620 362 232 594 963 1 173 813 762 243 880 292 14 738 72
7  987 557 170 634 4 309 779 448 438 42 295 554 891 29 21 734 806 699 960 584 307 855 73 291 208 102 749 616 186 879 523 31 928 911 935 581 195 912 174 787 360 152 793 829 954 793 382 336 142 6 535 318 877 512 831 194 654 546 846 380 434 250 387 617 304 146 261 97 880 642 873 408 282 510 872 535 762 871 887 459 700 530 97 370 741 406 32 163 304 429 519 676 547 478 155 72 175 897 1 881 98 615 479 478 100 179 599 185 100 831 717 786 536 319 986 929 671 293 560 832 344 14 390 707 794 544 126 543
8  720 799 278 238 642 624 246 582 995 500 277 257 85 668 705 867 233 174 64 951 926 808 785 120 806 0 226 712 663 464 740 828 361 807 312 222 837 359 60 268 863 216 581 146 257 837 631 492 645 593 176 937 654 315 164 407 626 272 706 546 579 956 502 361 134 757 492 35 571 884 668 853 6 856 946 376 918 543 766 300 896 959 840 950 550 7 104 961 952 910 432 515 870 345 147 452 311 192 705 667 568 357 159 474 61 366 206 55 724 275 663 646 623 988 205 884 754 253 64 610 706 443 190 458 983 731 59 780
9  272 422 911 797 923 7 700 386 187 983 478 586 530 593 205 713 481 416 245 988 7 195 910 677 393 351 465 81 948 393 943 126 629 845 963 937 876 354 512 520 499 371 306 623 472 163 898 881 881 945 214 635 55 602 528 151 161 826 205 538 96 456 741 366 594 515 689 825 840 687 107 280 753 998 42 279 316 46 412 332 992 434 345 341 301 963 673 113 107 769 827 265 25 799 800 711 607 958 214 73 684 785 763 597 281 765 488 585 45 229 379 926 991 341 797 37 708 838 82 418 843 52 489 65 812 217 297 193
10  201 238 533 63 254 889 262 228 176 888 784 198 699 417 433 305 551 418 859 591 953 458 826 617 300 19 596 438 485 831 900 408 130 277 341 89 159 929 865 313 721 29 541 357 469 64 509 264 597 649 399 575 831 571 916 135 790 241 565 166 732 752 692 503 738 421 104 757 794 997 550 171 84 670 234 95 36 664 380 362 299 446 564 288 907 542 164 701 314 523 837 145 873 988 339 414 582 258 388 628 619 69 488 356 242 751 836 693 160 282 459 786 319 90 731 27 420 701 286 19 125 156 140 468 71 610 509 360
11  304 686 429 113 690 979 778 956 174 543 710 389 524 345 837 468 309 423 705 604 436 943 258 698 534 426 3 759 802 158 539 576 753 226 964 620 434 644 426 146 288 782 741 337 825 674 577 448 658 791 170 121 253 575 924 430 971 362 516 755 566 307 356 308 357 597 303 949 682 536 579 991 112 46 727 816 111 773 262 485 488 237 394 988 51 416 853 414 294 750 346 139 859 774 648 48 745 528 653 936 941 408 3 493 226 387 19 684 375 364 787 927 904 941 170 192 797 144 443 35 349 379 997 624 381 482 276 27
12  619 824 698 353 927 264 818 900 446 213 402 92 395 173 400 822 486 917 24 823 401 897 280 788 781 554 323 285 510 970 950 949 876 689 418 46 342 585 478 252 257 410 240 435 825 966 2 281 41 950 662 838 114 119 744 459 90 842 291 142 12 53 146 988 982 289 169 340 902 805 0 184 504 730 859 567 535 838 684 95 598 792 671 85 187 660 862 547 945 86 997 994 9 737 272 18 591 572 5 675 616 28 452 980 318 419 186 252 204 743 527 597 655 601 468 573 768 125 420 943 738 654 921 500 195 373 91 111
13  419 333 258 509 312 9 676 872 307 94 636 878 158 286 643 781 676 638 501 994 61 473 316 860 401 945 449 517 302 78 386 269 365 532 356 458 420 371 275 593 989 875 253 414 461 757 469 657 838 207 700 490 728 862 167 3 459 144 629 675 814 388 884 419 884 863 904 696 995 84 845 179 474 765 93 613 260 416 310 876 30 845 177 675 538 753 165 0 341 229 184 216 934 170 419 648 609 571 6 598 1 187 452 20 402 278 865 476 370 31 136 586 97 770 172 909 279 255 184 79 944 223 779 78 802 788 356 696
14  221 516 844 635 833 758 368 163 126 322 817 957 119 663 623 551 338 566 262 812 900 725 137 994 434 700 531 220 956 511 258 692 576 496 499 522 99 145 48 863 145 327 874 923 436 702 450 514 256 135 803 41 926 616 583 200 316 540 771 216 52 172 803 145 72 809 27 609 650 431 367 383 793 624 26 358 195 155 839 809 550 878 633 305 101 576 581 282 736 934 58 79 828 84 956 181 272 75 785 534 853 166 95 48 168 78 967 825 803 179 351 228 367 147 23 639 299 797 797 633 42 639 440 349 321 197 388 38
15  779 299 10 111 125 333 635 549 322 963 980 175 41 870 932 136 796 933 876 924 674 612 864 375 594 481 971 423 330 511 140 797 355 192 635 478 708 579 999 488 690 97 76 498 158 298 203 832 614 807 180 657 63 347 982 543 828 113 466 141 137 737 549 379 294 737 373 496 698 682 43 186 780 218 382 341 207 793 6 166 289 118 704 970 639 415 781 507 557 18 524 616 466 207 413 779 46 7 39 388 322 278 945 732 105 618 780 155 640 480 199 402 219 429 950 904 818 668 424 651 536 763 780 320 705 37 410 557
16  85 228 123 640 470 835 942 285 366 18 790 15 147 67 698 331 236 213 354 926 408 996 964 296 274 508 426 415 369 538 767 580 35 105 619 145 470 876 305 626 889 702 713 566 745 883 771 638 348 794 736 702 13 173 949 884 86 754 968 336 814 874 179 4 40 382 98 597 118 451 574 961 309 892 17 240 123 158 584 517 741 541 998 117 689 957 282 396 409 355 243 624 208 978 981 522 386 662 32 138 954 864 40 969 504 385 972 710 229 566 992 529 20 309 79 543 846 439 325 37 359 768 680 11 742 710 561 848
17  374 474 373 252 793 642 476 109 781 426 542 599 115 4 587 724 711 130 149 364 398 642 255 156 541 561 810 750 97 266 34 456 442 591 375 914 504 765 114 166 308 844 519 438 21 636 985 0 7 161 64 742 172 367 671 428 109 164 34 201 161 846 159 572 536 598 671 980 34 132 885 60 802 424 915 871 725 173 380 721 765 868 65 642 557 295 452 276 74 880 631 662 996 558 509 411 734 707 595 838 690 292 893 889 458 546 593 121 124 411 329 576 749 476 726 97 411 334 861 551 866 134 24 451 49 584 887 669
18  116 826 763 301 667 411 149 238 142 58 161 688 83 20 798 700 136 657 158 735 210 218 903 460 141 979 290 243 623 587 999 259 886 878 893 751 825 503 553 728 818 408 108 314 521 575 461 32 254 473 454 543 454 354 932 739 843 855 925 650 589 377 369 301 749 363 881 537 716 895 125 816 235 28 191 188 754 846 239 935 583 570 396 892 320 923 505 79 511 588 856 52 355 819 511 364 523 182 128 619 869 959 488 852 863 954 70 407 86 331 92 54 4 619 400 807 566 229 490 811 842 651 702 686 80 992 349 952
19  22 700 116 466 308 78 595 373 76 718 202 678 646 47 70 436 292 9 717 485 681 295 424 821 497 662 289 974 139 607 879 243 172 65 229 199 341 877 716 663 588 467 973 283 485 561 602 891 866 789 885 69 295 712 116 736 161 146 411 107 841 661 97 83 384 776 833 984 579 691 665 547 136 351 90 282 911 279 39 607 784 861 427 664 824 740 506 348 856 533 845 880 394 351 161 219 176 497 597 685 221 290 285 451 414 149 213 974 86 981 453 15 993 421 803 613 380 656 770 287 498 420 610 772 120 236 815 794
20  45 130 71 754 580 856 175 696 261 147 850 604 858 607 675 903 823 653 609 13 920 349 680 955 706 69 484 282 920 649 54 80 591 126 510 375 859 201 676 54 92 275 488 319 862 296 595 777 735 669 29 487 652 174 203 696 862 167 763 511 995 353 44 474 887 59 951 865 183 246 101 549 584 478 986 381 853 666 698 482 319 706 533 206 688 48 367 227 421 829 277 992 804 459 294 733 102 437 535 317 877 739 216 510 611 351 209 618 301 357 868 59 541 564 827 157 946 797 357 311 472 851 648 778 286 581 69 463
21  372 773 84 492 990 237 969 869 427 21 918 139 231 813 423 866 238 299 56 665 303 758 883 689 545 218 808 773 324 251 65 861 923 905 927 972 79 318 477 716 104 271 905 287 310 320 415 936 867 167 252 163 2 626 775 251 672 859 759 312 460 579 324 702 443 555 975 547 234 67 253 101 210 924 384 851 196 289 168 596 504 815 34 214 300 551 849 469 695 647 586 999 859 164 405 580 704 155 43 868 358 789 688 84 753 470 627 520 120 797 80 328 85 726 559 778 375 490 6 67 828 662 719 787 531 257 801 396
22  434 911 430 338 692 991 785 37 356 950 851 593 733 369 659 885 909 907 724 738 480 804 594 952 466 687 448 312 792 166 612 95 439 117 741 257 598 599 137 196 699 81 358 938 194 16 822 657 383 834 610 663 341 105 11 391 243 969 681 475 978 927 457 663 974 730 963 223 584 438 162 463 197 642 919 198 512 523 437 281 18 646 192 836 818 358 563 435 343 223 963 275 417 204 651 356 370 181 791 770 584 949 581 460 943 96 415 250 135 978 117 507 678 583 278 520 801 226 570 598 57 883 735 894 639 462 616 198
23  898 443 201 270 486 167 152 825 882 476 725 914 793 569 265 314 75 683 719 480 369 671 722 783 599 613 845 29 846 366 558 713 897 353 278 74 908 944 649 769 255 514 859 909 587 609 365 273 517 721 854 753 189 804 687 460 156 57 315 474 626 452 379 922 145 173 290 911 230 422 96 877 280 18 354 62 333 831 531 161 907 403 210 670 172 980 966 89 208 846 352 954 917 32 850 574 479 413 13 529 871 757 249 156 83 505 901 766 148 920 295 825 987 808 454 122 377 147 0 802 78 852 608 206 227 359 29 643
24  672 895 305 595 816 92 323 341 889 79 242 688 295 298 658 298 835 80 594 89 160 449 525 326 748 694 697 316 95 35 928 62 546 71 933 841 395 780 977 446 453 562 303 728 271 162 375 160 618 373 425 400 583 69 181 160 917 491 955 300 813 675 436 712 356 592 649 453 314 861 545 565 743 873 583 223 149 772 509 156 578 37 235 763 62 332 367 5 309 870 452 934 384 815 483 667 400 123 513 724 928 782 519 921 880 658 792 413 171 982 215 58 292 69 751 28 276 52 347 435 234 217 259 843 745 77 465 676
25  902 411 468 944 773 371 275 174 315 172 736 138 584 32 792 780 157 799 339 713 313 128 609 831 397 186 956 828 228 576 906 908 125 605 168 551 344 64 60 967 273 404 460 808 734 580 973 740 148 833 458 771 82 398 467 551 959 449 395 453 280 584 382 938 749 820 50 519 124 374 223 732 426 463 631 600 408 989 468 480 805 248 356 614 958 733 920 360 843 706 718 878 423 439 689 986 491 954 662 12 860 617 691 737 840 202 176 923 421 865 763 523 489 35 23 378 692 389 761 108 298 936 612 938 476 711 261 409
26  975 760 235 273 92 888 709 394 150 103 173 126 461 839 157 493 871 785 390 450 559 603 930 655 706 905 828 482 18 605 838 438 860 160 512 772 932 279 812 804 998 403 985 451 175 610 62 477 686 641 779 233 765 442 118 45 641 918 939 949 102 630 387 169 205 810 821 602 94 357 66 564 719 477 651 245 515 222 543 638 725 481 604 171 101 904 631 940 182 824 358 208 224 504 270 800 97 923 398 124 169 887 541 816 273 465 521 418 325 610 113 81 87 368 320 16 840 264 490 290 467 276 596 638 538 321 665 122
27  517 333 967 862 154 804 49 552 432 154 145 150 185 377 780 968 669 235 625 349 898 673 790 261 509 227 775 457 320 956 231 257 468 811 563 649 234 439 119 159 213 107 409 847 497 837 335 880 922 836 908 354 234 8 307 416 251 694 393 313 687 732 28 648 345 639 605 21 803 988 236 228 562 42 928 353 833 298 901 432 839 930 952 833 501 970 352 137 875 756 338 112 559 326 689 300 554 417 225 867 752 244 317 603 289 463 674 406 517 599 725 139 210 729 881 482 955 433 879 303 367 813 145 99 879 934 837 266
28  390 140 841 319 988 561 442 681 256 543 876 346 474 893 221 527 112 589 362 408 602 39 844 220 321 88 513 197 74 679 753 387 154 509 983 900 218 84 841 967 805 246 146 72 316 691 268 502 663 950 56 899 607 54 805 790 1 385 69 587 776 275 295 284 526 504 365 920 976 221 118 873 449 714 874 253 684 137 748 957 13 533 316 448 942 460 785 948 650 92 375 537 784 937 70 594 189 196 217 121 900 367 740 771 801 895 864 782 839 555 343 645 595 777 139 20 293 306 375 331 50 434 197 494 281 541 848 460
29  700 816 854 574 264 875 762 296 764 420 220 489 504 228 581 287 621 535 365 576 214 307 91 206 331 983 14 408 301 36 235 272 613 74 504 819 750 284 811 895 962 738 486 92 951 438 126 938 828 17 127 838 526 692 980 652 32 407 781 321 443 108 591 655 847 727 381 268 482 789 320 629 425 490 33 413 347 748 325 602 476 978 555 315 974 304 480 978 408 481 944 197 836 84 197 708 315 392 14 845 303 965 6 229 523 144 696 831 342 542 0 94 596 166 719 573 130 946 520 409 993 335 698 6 361 100 678 492
30  790 617 820 884 301 745 601 393 154 873 660 990 907 812 493 159 484 10 837 751 545 983 881 4 405 965 504 57 106 511 666 774 29 199 926 276 590 637 837 339 174 683 603 759 432 188 959 830 453 564 718 337 152 187 802 841 410 985 853 581 94 547 725 10 147 749 250 859 337 201 674 608 86 796 79 440 61 231 911 48 824 700 469 184 922 838 836 438 230 632 273 564 238 231 517 589 237 509 824 68 41 776 784 115 971 278 158 224 283 965 14 523 178 549 439 783 763 72 957 431 102 20 594 831 566 537 220 320
31  241 422 367 832 61 445 280 450 672 920 310 900 777 665 128 847 852 196 425 784 679 481 912 502 86 649 465 375 678 798 198 172 76 449 114 715 394 268 700 430 234 367 549 814 497 892 602 863 685 617 117 765 168 958 837 556 130 154 110 945 470 374 923 264 2 134 886 313 702 749 235 903 582 496 815 77 20 779 819 274 13 879 801 253 878 799 102 145 373 314 345 878 94 558 137 102 247 423 421 900 595 563 217 798 462 51 617 19 130 569 988 513 923 575 309 994 509 53 427 148 709 306 841 178 178 739 278 69
32  876 731 946 325 155 529 840 424 618 519 912 905 661 400 192 850 741 521 219 474 970 114 232 696 595 209 631 855 286 811 145 167 916 261 2 156 713 832 153 27 234 260 255 884 591 340 677 764 787 699 305 691 776 576 249 349 111 759 883 504 643 837 817 3 728 569 520 74 884 499 283 589 613 888 175 204 379 674 398 550 368 443 237 172 706 330 372 524 269 357 900 137 91 960 825 30 627 382 147 521 839 121 920 879 116 900 819 665 556 441 813 190 24 889 531 248 706 912 769 167 573 317 395 270 311 562 567 34
33  754 666 820 595 835 828 48 757 343 559 841 331 569 219 929 461 30 665 750 569 41 100 236 688 829 378 995 255 286 676 979 877 201 944 591 194 995 511 927 723 570 17 533 485 867 163 592 305 137 829 956 881 698 767 803 131 202 455 7 860 20 649 455 482 381 862 702 414 335 297 321 721 431 703 220 840 248 288 34 440 574 68 404 41 41 975 592 603 530 647 431 104 499 48 12 77 649 7 913 190 42 272 985 192 855 947 893 994 444 7 665 223 293 136 499 289 712 327 923 950 880 486 222 341 912 828 714 680
34  177 972 73 200 3 453 394 370 251 863 98 139 964 917 118 767 464 549 993 771 787 563 668 686 359 448 802 592 113 740 337 839 73 680 949 999 583 17 721 840 939 477 76 20 187 835 543 305 226 524 435 306 178 410 862 168 175 705 824 129 338 988 291 624 756 945 298 426 653 768 74 338 839 108 145 143 698 86 150 803 684 176 872 409 287 683 556 20 941 132 186 304 172 148 787 865 575 289 195 240 870 865 975 799 401 998 344 230 884 35 6 825 151 956 800 561 905 628 924 818 241 557 288 638 763 324 254 638
35  683 16 605 21 203 793 90 666 795 191 317 931 772 876 73 647 650 345 363 728 374 525 621 6 438 272 552 149 288 560 14 10 161 522 212 317 713 589 212 434 340 664 453 781 119 669 508 621 660 799 801 133 981 536 387 82 731 784 180 940 671 501 195 22 385 868 492 31 580 315 494 457 193 705 271 406 756 622 204 791 112 937 155 277 619 804 905 19 466 820 167 26 547 304 902 934 653 594 37 77 383 779 927 997 279 545 59 982 175 634 585 754 637 985 215 208 685 798 909 945 696 584 567 421 476 803 637 712
36  52 785 133 269 626 513 73 530 482 237 761 945 373 73 646 777 62 471 719 41 236 915 536 68 992 262 1 470 414 913 968 764 586 396 584 467 519 994 49 290 74 787 118 946 942 818 256 160 158 164 804 732 391 331 937 852 498 773 424 434 423 297 444 936 544 808 785 975 5 117 753 79 400 529 52 61 408 543 691 851 638 266 707 95 985 93 131 448 246 777 134 319 642 274 771 744 123 657 52 186 37 921 351 313 816 763 303 248 823 254 436 311 402 859 715 73 472 474 111 365 711 930 37 962 498 983 223 870
37  301 892 193 474 109 560 4 328 871 629 322 55 608 73 225 624 35 592 363 261 80 566 204 400 624 389 160 362 176 790 317 897 956 98 334 345 32 528 854 927 743 237 402 581 640 278 337 868 555 627 888 672 212 133 671 816 30 565 412 266 332 953 730 296 244 61 996 829 963 135 250 186 920 51 70 677 596 584 139 724 407 828 926 763 99 710 572 764 597 129 598 998 60 532 467 674 214 587 419 124 685 225 233 505 140 513 725 412 542 684 880 340 714 209 463 702 706 946 864 966 177 267 681 547 108 549 281 255
38  686 567 136 496 133 156 268 907 572 929 522 777 773 33 733 452 772 620 38 887 884 210 762 637 615 185 294 894 344 399 341 620 370 298 801 423 174 16 224 593 251 594 515 640 908 884 92 739 798 693 187 722 771 434 347 663 808 864 505 601 469 513 153 703 237 45 261 988 633 106 604 742 763 175 38 963 224 573 118 443 926 34 150 633 449 214 417 29 14 63 828 638 987 269 726 22 144 865 884 525 574 656 30 563 181 340 349 249 255 57 524 232 452 664 817 338 848 159 598 494 416 577 486 473 419 151 993 173
39  706 668 133 519 827 803 972 597 245 635 515 259 625 702 629 316 338 714 929 372 892 487 699 519 923 740 923 399 769 161 480 567 414 538 390 747 766 810 728 270 804 619 549 966 145 313 646 807 952 365 530 852 912 879 319 444 240 180 567 119 237 483 225 424 13 302 33 673 340 546 662 691 492 242 798 762 150 427 228 336 67 40 663 504 293 571 702 912 168 823 846 579 191 390 943 3 119 343 762 98 345 205 675 708 670 472 582 918 91 844 261 919 112 850 326 926 378 708 844 551 171 151 445 53 376 405 453 102
40  94 669 170 51 962 281 947 208 606 178 82 293 377 416 909 67 662 281 666 114 625 938 851 894 181 704 822 472 386 718 337 789 166 233 573 937 524 791 911 668 910 259 474 288 462 83 909 153 192 142 436 232 4 266 543 563 659 835 970 12 375 839 870 395 804 495 83 931 554 749 490 958 222 25 322 58 192 156 109 27 69 752 689 628 658 149 313 689 905 715 430 921 23 517 177 754 337 246 932 626 39 892 572 393 142 824 210 969 391 858 270 878 802 388 730 111 800 843 230 594 617 591 556 608 758 894 663 689
41  827 671 51 926 957 649 749 31 418 924 636 304 700 107 107 349 538 973 319 467 868 8 401 715 700 287 21 971 214 922 675 755 192 666 891 190 58 368 290 232 378 645 143 223 677 551 578 902 810 19 119 230 933 548 571 781 328 959 586 984 951 20 422 224 579 408 499 634 893 788 381 452 618 732 712 971 127 860 436 432 531 822 394 706 342 719 983 241 250 103 112 529 419 987 146 329 982 171 846 969 88 765 602 301 931 994 399 336 699 253 17 130 246 900 964 238 634 470 484 939 353 808 820 474 176 165 541 750
42  118 394 400 302 876 243 656 840 499 176 218 355 725 293 288 600 624 692 401 730 683 44 884 42 468 258 805 16 353 844 417 354 547 997 950 279 876 478 355 136 320 93 284 275 314 918 137 220 211 492 482 419 105 830 555 217 434 494 797 254 368 931 628 185 46 949 686 478 117 514 851 62 898 8 201 759 686 728 920 759 419 648 888 890 915 456 295 56 404 412 180 29 894 855 230 702 229 87 518 62 321 902 115 350 175 266 693 344 770 522 253 239 781 2 153 352 424 143 432 756 405 21 246 2 75 732 911 269
43  420 182 654 666 429 679 670 890 717 167 500 150 39 85 58 52 443 584 867 157 396 298 180 42 149 947 713 991 988 772 650 895 775 255 427 549 378 588 571 287 148 103 510 839 607 221 856 320 915 549 124 567 451 369 245 345 92 189 488 552 364 945 643 222 654 147 368 985 134 555 639 658 832 930 150 818 563 42 308 514 62 376 223 781 716 938 680 230 744 124 675 811 551 890 470 764 243 335 531 912 964 406 940 685 813 607 20 704 567 503 16 316 359 309 617 199 734 73 999 74 226 760 845 551 731 74 511 399
44  427 999 70 825 970 849 518 917 994 69 785 28 688 186 558 731 381 44 116 947 609 925 521 987 84 241 541 541 384 206 619 104 910 342 62 922 864 692 376 323 577 360 311 193 497 344 790 458 556 679 334 646 417 578 990 995 344 605 47 119 6 898 37 947 590 152 584 502 997 319 707 92 741 10 50 681 406 175 385 495 155 900 392 431 855 147 419 463 825 784 395 28 72 575 567 328 177 627 38 605 637 411 375 685 584 670 684 516 260 369 628 11 547 430 865 224 146 124 206 775 697 865 634 497 256 636 989 462
45  70 433 723 915 500 925 650 138 301 986 4 966 175 888 463 458 690 714 987 254 191 983 486 257 291 589 338 575 893 865 731 127 475 32 666 897 525 312 182 613 623 734 56 505 634 6 780 932 882 865 94 826 973 22 737 355 157 109 369 712 697 95 787 643 780 239 693 201 903 992 242 197 499 196 525 20 824 589 968 793 754 860 332 342 212 466 639 63 378 994 892 594 724 114 884 123 173 48 755 302 356 80 195 961 32 791 370 266 227 639 701 523 523 975 602 573 266 812 178 601 123 485 636 226 593 830 906 950
46  520 694 504 395 666 358 237 253 663 958 719 579 462 75 986 845 483 482 763 179 283 433 3 337 464 998 408 264 947 684 557 528 483 971 116 546 451 499 374 257 606 280 997 833 376 770 456 88 755 591 78 477 609 419 34 968 427 881 854 598 171 303 285 261 890 803 370 81 197 538 654 789 531 868 324 642 382 838 915 794 284 642 922 466 439 684 318 945 311 417 472 187 356 421 447 798 364 57 970 236 531 602 647 353 501 992 145 828 56 170 129 591 85 548 723 92 717 308 133 149 239 79 877 137 519 33 732 524
47  189 612 121 51 757 876 179 442 155 957 120 120 969 220 876 302 742 484 168 775 296 139 347 821 974 36 310 42 63 810 825 292 434 678 355 516 625 831 312 87 144 235 264 117 787 39 230 311 153 834 654 173 335 641 24 735 976 910 405 559 497 758 331 419 326 361 606 963 367 700 576 663 812 843 330 496 604 567 116 178 529 382 983 206 956 993 281 627 708 774 197 246 402 130 940 923 870 481 534 719 971 194 450 935 136 979 453 465 539 161 96 500 639 752 315 328 146 435 391 871 204 414 388 644 642 587 848 11
48  725 642 100 993 712 484 94 367 905 893 30 479 573 388 417 29 308 103 372 44 912 870 144 406 871 830 859 606 838 610 426 820 319 543 396 29 927 418 328 668 159 23 866 191 641 58 303 35 166 71 880 682 681 713 451 912 551 992 433 889 76 160 138 406 231 553 712 496 48 998 867 596 872 372 554 664 972 511 500 919 641 960 278 414 956 986 202 238 832 847 884 977 875 589 710 983 802 523 868 135 877 105 801 11 885 142 119 827 681 151 69 79 209 186 660 526 219 669 369 78 606 568 207 170 407 801 549 410
49  17 858 786 657 112 469 327 171 92 608 900 184 611 236 432 23 891 969 982 939 83 297 367 898 878 65 124 916 956 666 413 935 620 827 317 885 133 893 727 294 876 251 694 773 419 911 662 735 0 274 508 978 698 814 658 112 829 737 850 393 641 676 330 181 489 140 314 152 21 732 606 349 791 140 137 370 924 496 31 285 135 5 513 393 401 662 605 511 120 477 104 343 375 862 764 385 260 756 960 945 846 608 367 116 497 557 347 952 691 20 803 701 433 447 230 634 621 140 585 936 457 928 375 153 87 949 38 889
50  194 958 339 802 186 393 945 480 947 880 810 402 875 10 276 74 63 958 52 363 33 995 340 209 398 987 428 192 181 773 999 877 304 666 266 456 912 422 791 992 818 713 517 468 312 524 78 929 973 913 983 231 959 274 584 305 411 559 76 390 260 938 942 369 724 6 359 230 212 978 99 662 200 266 350 972 860 440 709 838 890 892 337 897 24 422 862 785 187 565 184 73 84 729 772 454 332 125 365 686 873 8 289 17 524 982 724 264 988 990 338 281 562 128 689 298 60 632 653 467 199 192 937 44 792 272 430 782
51  624 263 737 516 807 97 741 399 753 421 473 935 618 547 844 764 259 196 75 168 253 441 732 355 507 403 351 921 362 946 558 306 831 66 455 691 831 697 773 519 814 386 985 772 216 663 110 182 521 955 439 813 554 579 769 817 826 688 35 713 333 44 418 266 297 156 106 854 691 593 874 257 283 305 593 967 134 350 570 432 150 744 341 127 330 71 191 8 825 71 205 658 766 686 63 434 97 947 206 968 346 635 184 714 318 863 213 576 198 621 1 280 461 819 897 864 262 582 287 551 698 365 946 306 463 974 753 596
52  912 713 776 209 495 703 230 517 845 877 228 224 549 276 564 472 781 52 989 159 508 17 564 463 963 676 725 849 429 412 626 300 148 905 167 113 351 938 900 365 992 430 628 65 738 935 103 100 190 865 707 298 98 368 351 329 529 157 154 705 593 559 618 837 309 719 136 972 675 211 682 837 776 246 399 992 61 325 688 218 522 430 56 739 590 817 663 731 3 15 2 353 769 944 628 487 622 913 172 477 50 849 140 437 34 329 159 90 155 818 404 702 612 109 902 381 976 80 299 923 249 764 457 415 874 229 942 4
53  905 873 68 617 413 608 649 902 608 831 46 349 836 217 402 369 794 145 172 88 832 7 203 763 196 733 640 986 396 617 899 355 692 934 749 821 830 895 373 751 783 191 855 619 189 789 188 336 643 603 307 456 722 432 68 881 904 814 369 224 105 511 807 714 602 944 346 357 527 244 499 86 966 513 427 818 912 554 169 639 979 568 960 834 851 270 195 113 866 477 167 174 22 432 120 696 964 83 522 975 165 39 720 646 628 192 286 394 903 823 447 96 109 582 947 596 971 868 600 176 571 15 531 858 634 174 849 848
54  689 929 46 802 372 488 961 105 481 797 528 26 105 978 860 420 326 340 447 660 530 599 366 592 316 56 439 606 361 220 235 390 389 776 619 490 521 844 365 629 918 202 955 589 593 513 282 583 657 628 453 261 81 716 253 868 259 313 117 639 270 396 667 201 754 204 950 610 754 882 525 673 693 963 468 357 917 319 160 433 857 521 470 968 927 446 553 921 735 594 47 899 40 792 851 61 168 892 79 298 265 622 960 35 860 950 699 463 692 221 314 554 660 820 467 956 34 343 200 757 814 51 235 137 183 913 231 141
55  587 688 955 150 827 299 852 159 955 226 905 609 440 760 976 385 272 749 78 528 178 884 119 394 106 689 721 244 504 98 652 738 656 925 258 368 571 592 27 683 432 176 99 21 678 237 87 582 122 895 50 885 348 317 841 41 829 120 341 833 818 177 286 267 86 992 478 154 9 95 181 244 345 889 443 655 263 990 841 630 857 399 945 143 404 762 352 527 110 567 740 71 920 383 797 503 271 145 236 359 322 41 370 529 287 787 882 662 980 936 477 712 588 401 89 609 976 556 206 972 550 119 638 766 794 514 760 63
56  164 580 861 374 880 273 732 576 570 503 37 91 382 356 323 818 389 733 771 297 620 858 876 719 31 237 338 698 87 343 332 154 397 749 219 280 23 473 478 327 660 14 334 847 882 932 94 115 44 856 698 701 219 489 364 509 778 509 489 200 815 279 168 554 655 924 780 239 92 631 115 428 867 19 401 899 97 29 429 557 43 61 689 815 638 39 55 908 666 652 104 994 340 280 593 859 295 20 952 143 702 770 933 282 273 569 699 743 434 235 693 749 830 902 631 402 626 210 826 981 780 771 817 272 574 13 19 964
57  222 658 648 510 276 922 735 352 919 947 414 101 931 148 12 65 299 896 674 519 973 417 400 224 228 862 398 29 456 262 615 811 6 485 119 625 819 348 815 709 241 800 591 887 351 409 577 10 541 462 686 281 908 636 953 737 194 563 516 650 660 597 224 371 260 739 23 939 947 13 197 837 753 514 524 413 523 988 178 832 845 111 947 887 754 502 974 650 255 168 749 736 563 275 535 887 256 67 753 715 168 311 108 684 980 848 394 843 928 725 5 391 938 896 107 885 835 661 365 804 934 873 852 192 463 410 500 362
58  804 596 14 921 408 37 715 963 649 813 157 906 544 109 689 269 488 94 380 701 625 363 801 673 513 285 265 561 42 380 3 301 366 246 643 378 791 609 106 706 113 803 677 851 938 320 598 137 848 158 997 400 151 315 339 544 95 177 877 602 83 488 778 695 436 296 689 154 663 548 519 62 47 970 121 657 601 513 376 369 56 903 905 714 652 779 270 944 906 492 40 126 436 873 582 264 156 209 736 210 876 194 824 351 375 860 591 490 544 353 743 904 77 951 720 306 474 919 226 313 864 597 829 81 233 673 608 946
59  191 691 478 294 314 684 255 367 455 290 15 411 139 802 536 364 307 425 921 297 232 401 541 934 379 790 557 880 355 436 160 636 851 13 545 90 670 175 395 928 518 476 282 333 204 158 4 412 312 887 307 31 205 240 850 110 422 54 538 989 148 778 566 173 461 578 580 610 475 317 400 677 349 419 632 231 352 336 348 376 833 534 695 101 997 901 952 588 826 61 97 757 386 297 352 585 987 738 560 841 379 976 486 135 223 526 293 599 575 407 523 102 28 637 866 612 434 648 914 240 852 427 837 501 490 734 659 571
60  904 859 373 641 676 211 659 4 87 499 368 159 88 384 272 79 970 239 773 711 721 137 427 984 995 218 146 835 992 385 910 244 321 643 646 885 81 492 697 716 998 459 974 817 420 258 429 793 395 92 984 347 846 273 412 967 45 706 964 258 253 756 733 123 350 690 815 856 765 180 379 237 808 326 627 871 753 284 458 352 699 851 387 302 228 302 878 987 396 370 796 985 425 485 126 365 731 322 455 896 627 244 972 117 93 452 884 472 517 517 246 340 184 517 136 454 627 163 29 172 606 154 972 30 672 492 878 262
61  704 643 852 302 823 242 953 793 344 500 227 331 223 599 151 937 557 130 856 298 293 84 617 906 207 971 159 537 629 397 239 976 128 862 831 463 547 537 2 142 398 572 202 673 562 793 294 284 674 709 89 723 371 435 551 6 761 456 129 367 127 181 836 527 857 858 828 268 59 776 223 278 124 590 806 451 741 272 101 94 540 447 996 24 553 821 755 150 177 977 767 928 148 91 844 37 358 998 217 739 962 613 633 610 356 927 128 799 77 653 100 517 555 152 310 179 985 435 271 552 262 882 333 258 51 810 404 215
62  589 203 885 937 729 680 890 138 80 285 231 744 834 783 964 256 11 939 528 365 414 656 616 887 537 8 980 361 29 861 294 99 112 269 58 101 484 813 274 10 865 824 294 161 316 779 804 930 839 173 372 732 597 895 392 474 293 436 511 787 834 272 844 41 476 430 374 46 29 524 919 319 552 548 999 983 209 307 712 689 606 663 480 421 953 697 138 696 903 496 394 465 733 485 110 954 829 177 210 807 124 726 297 158 185 926 168 657 171 125 560 77 762 100 361 836 462 87 438 680 379 21 27 788 731 519 286 793
63  798 326 258 537 13 707 945 921 197 779 649 855 669 866 38 146 139 755 595 165 825 171 280 225 184 850 246 945 35 379 383 299 604 337 348 650 203 352 450 855 846 407 459 428 76 73 951 824 694 416 280 148 864 980 658 974 290 587 91 503 769 719 137 987 441 877 522 217 492 618 678 858 895 967 165 617 10 488 762 523 511 585 737 98 175 577 430 847 488 603 818 242 939 753 186 386 93 640 366 614 249 254 260 538 553 108 526 512 920 586 386 9 43 917 457 176 30 396 429 714 948 293 162 236 651 414 484 527
64  808 417 576 414 942 783 315 509 652 846 382 756 933 363 236 513 613 914 300 906 536 849 811 320 26 577 848 188 575 769 975 683 421 407 791 534 913 716 440 944 91 696 784 507 944 371 514 98 160 867 950 946 30 167 669 466 330 660 357 11 663 675 505 357 724 791 662 631 410 32 937 377 511 53 393 641 952 2 755 270 235 49 610 113 741 506 885 435 22 32 933 663 111 696 997 525 88 543 182 748 867 898 296 758 235 817 108 217 655 28 624 843 249 156 955 648 685 291 239 665 382 729 853 228 581 258 869 120
65  338 505 260 207 424 645 924 747 453 281 957 180 292 385 957 55 970 0 333 742 826 815 762 680 615 829 935 252 658 66 699 775 873 697 544 756 716 993 130 275 652 254 239 320 728 211 56 933 270 453 211 301 474 88 347 266 916 215 300 320 576 760 149 812 36 887 497 965 893 518 354 338 307 442 903 479 803 128 234 902 121 636 882 969 940 938 603 894 771 578 389 898 176 831 130 478 742 413 725 873 903 384 651 55 810 81 194 13 915 784 606 656 846 366 407 401 440 356 961 403 523 668 220 407 124 778 223 440
66  343 241 549 879 18 311 417 964 657 815 536 495 865 632 136 266 609 842 822 780 247 96 32 921 181 804 908 562 379 520 349 519 755 292 832 891 612 800 377 578 882 824 670 676 947 973 930 550 170 595 586 587 96 527 210 46 477 624 419 953 905 59 683 680 829 3 51 720 194 608 813 185 744 208 44 694 290 239 778 684 877 675 279 624 834 725 534 269 177 94 590 878 643 392 831 275 972 146 628 728 679 470 45 900 656 613 449 527 446 528 951 66 912 93 555 286 330 826 791 654 640 762 388 425 717 666 240 528
67  19 898 500 720 923 74 164 968 376 113 906 707 234 393 245 431 795 518 342 76 620 625 870 764 630 261 424 808 912 596 875 277 356 153 946 91 495 282 13 313 437 338 806 274 827 875 270 217 124 215 289 379 315 423 376 836 371 65 714 945 378 124 131 961 294 96 664 223 712 609 418 342 833 859 295 986 97 793 0 175 573 240 471 484 256 125 477 209 861 494 696 298 604 327 7 862 685 15 91 127 913 940 671 996 955 810 915 777 204 275 565 238 144 881 336 852 411 592 18 1 429 970 485 949 631 583 524 591
68  801 370 986 344 987 507 257 52 774 774 487 461 435 550 291 632 658 351 906 636 37 235 875 36 546 519 395 938 517 978 391 831 451 112 247 83 155 115 843 674 273 911 254 698 300 979 1 243 506 729 227 453 74 867 560 21 882 528 693 842 54 971 927 322 358 248 993 625 993 610 501 216 139 336 265 195 865 343 553 227 646 156 69 406 805 801 78 969 620 751 620 614 735 301 230 105 775 661 883 960 716 607 197 274 690 754 14 165 350 382 637 879 847 272 878 350 759 197 35 881 11 560 646 657 967 152 592 7
69  362 175 699 690 703 463 515 986 63 333 327 39 966 576 818 744 189 913 973 417 859 664 993 672 187 454 987 166 536 562 173 382 306 872 161 170 276 499 646 583 649 840 502 421 8 185 830 983 808 53 999 784 832 104 77 342 219 812 368 706 330 83 919 100 692 662 13 903 726 475 615 196 776 17 693 294 193 533 121 987 897 991 626 695 857 815 833 411 426 897 33 46 296 695 727 790 128 100 340 191 597 312 763 901 644 212 550 484 255 545 645 239 946 802 500 730 470 837 329 591 935 112 10 241 661 966 869 320
70  617 451 146 23 210 70 477 25 511 260 106 361 779 534 906 434 247 23 441 326 722 552 518 711 493 505 622 969 395 462 656 548 673 8 182 227 439 165 176 698 126 611 918 803 301 235 254 835 635 596 897 548 572 532 842 899 521 525 254 109 932 409 363 301 703 663 17 860 748 848 538 651 412 712 447 399 641 94 429 895 489 63 639 110 552 636 86 6 430 24 357 576 127 606 392 619 619 718 363 859 460 926 983 271 405 634 704 912 497 800 351 116 976 8 716 643 662 363 488 281 177 513 720 405 482 580 694 247
71  717 960 655 933 289 737 407 904 436 956 133 984 287 77 170 166 552 745 654 220 526 445 94 301 74 668 978 85 602 7 437 368 798 970 872 707 122 372 157 403 564 891 748 92 237 713 553 242 704 268 904 120 797 702 365 146 851 86 373 136 919 364 928 597 538 698 613 123 40 152 269 931 265 667 526 760 724 852 235 686 951 436 545 856 806 135 30 827 959 284 772 949 654 844 776 217 109 275 423 81 602 346 947 13 360 157 39 18 865 527 807 847 90 420 231 440 472 276 199 959 139 961 927 867 31 518 316 671
72  56 84 368 334 372 150 293 840 207 762 344 102 360 450 763 196 691 393 396 905 447 790 714 695 223 500 984 515 747 743 275 301 414 76 859 639 695 908 290 818 130 534 121 423 581 41 795 690 850 474 698 77 528 320 757 894 199 721 252 386 686 828 694 333 84 335 730 145 729 587 34 369 106 562 59 767 915 721 334 389 177 920 725 592 302 585 707 556 517 888 213 674 884 939 93 124 452 901 558 45 719 498 215 985 699 601 498 754 351 445 345 316 51 567 943 172 57 734 247 491 650 965 783 355 744 266 895 645
73  263 830 246 467 532 273 846 531 245 948 310 550 325 489 373 574 115 525 893 140 929 938 718 253 906 117 827 523 506 430 88 220 742 519 840 624 426 87 249 792 287 576 43 821 808 485 833 709 19 117 646 194 309 242 728 312 483 468 921 969 959 146 151 521 967 268 611 203 87 131 281 279 257 513 304 945 647 708 558 326 423 74 503 425 495 665 7 481 783 108 366 19 407 134 219 802 489 99 373 17 901 337 823 279 414 470 402 463 159 613 589 950 241 977 941 590 597 546 515 597 966 340 447 612 888 280 502 390
74  209 824 67 898 489 350 501 156 25 723 228 796 968 620 224 145 136 949 815 632 686 143 796 441 767 193 948 636 635 45 957 423 494 363 579 840 477 754 680 907 804 241 401 197 97 149 307 873 274 596 811 448 204 481 585 922 548 175 918 511 796 132 202 843 551 308 818 400 532 543 682 956 593 69 649 959 310 909 773 113 312 203 144 912 611 456 669 498 615 272 676 19 398 389 689 630 53 744 40 338 634 846 279 215 297 954 453 876 700 432 446 721 652 172 507 146 290 175 985 854 770 213 82 393 564 978 121 297
75  5 316 427 516 610 902 418 377 70 228 926 951 534 860 77 548 935 717 274 39 705 562 985 833 126 966 44 644 974 781 124 623 870 544 906 41 908 280 204 474 750 935 962 349 340 980 642 801 790 808 946 16 798 202 236 606 165 496 282 146 591 62 159 647 942 391 230 665 628 356 131 677 539 214 613 611 251 512 884 661 828 359 856 62 644 442 280 106 47 772 342 470 614 380 700 907 962 84 299 423 798 36 567 347 945 927 733 110 591 644 109 143 892 672 118 992 357 738 739 696 170 21 858 466 705 748 645 926
76  998 177 738 537 905 728 477 335 959 539 863 758 723 817 228 214 553 132 823 968 241 257 673 106 980 228 64 598 448 46 990 953 562 869 720 556 671 566 416 539 495 249 373 963 134 765 50 154 857 147 496 274 194 722 184 601 30 898 559 524 67 681 747 954 982 575 44 750 83 886 749 700 73 367 842 841 776 795 830 173 322 341 789 332 361 510 276 413 289 57 316 929 393 497 110 850 27 738 457 764 670 947 142 460 753 948 703 671 661 331 59 275 185 994 439 979 36 4 955 414 704 508 947 611 78 940 878 5
77  777 901 231 503 31 906 286 655 318 668 127 602 697 691 510 369 899 740 460 978 820 193 595 48 5 334 216 814 61 464 121 965 747 21 987 286 616 41 883 876 713 958 161 615 784 131 530 638 881 504 599 799 19 512 535 501 769 657 801 806 284 197 101 452 254 39 774 235 752 224 877 265 725 380 116 727 150 128 588 149 509 696 36 631 298 951 942 133 730 636 307 718 659 848 439 596 46 697 388 926 921 647 934 569 921 258 207 451 942 916 62 720 366 654 330 659 590 397 913 154 333 731 527 622 283 872 537 431
78  170 603 952 280 290 793 172 442 829 560 435 504 73 270 292 35 743 337 622 578 240 235 835 549 549 199 959 869 903 876 241 631 94 550 740 712 488 661 148 992 378 24 732 765 305 548 866 3 379 267 88 369 418 197 990 254 933 857 563 668 633 287 768 496 81 85 251 524 636 240 83 593 576 542 342 482 593 971 168 380 466 717 632 318 764 460 411 587 933 78 777 920 918 256 868 201 808 325 535 551 621 231 347 924 448 787 464 731 679 163 170 626 887 163 843 285 298 992 988 920 448 54 782 303 753 826 248 272
79  243 21 768 59 631 23 191 282 224 95 135 124 927 935 479 24 721 965 192 225 568 156 826 609 642 296 9 603 147 337 236 339 762 882 80 887 928 913 726 127 766 591 372 764 417 324 627 44 985 320 484 961 57 556 850 168 0 393 905 296 837 90 705 114 524 137 624 844 878 584 155 885 257 575 557 461 287 873 619 952 636 445 554 200 835 134 665 701 639 10 946 383 258 260 238 638 91 356 906 355 231 825 258 2 138 147 76 180 322 177 721 682 812 28 222 808 462 519 655 570 865 151 900 474 754 53 549 763
80  302 514 361 356 646 508 117 244 286 87 205 756 793 658 512 946 332 912 493 329 142 630 348 332 987 658 336 119 48 119 153 900 397 312 174 440 470 809 105 249 455 989 249 849 551 609 171 597 446 46 2 752 124 519 16 906 375 969 392 389 955 215 280 1 382 740 358 250 772 681 108 327 955 636 930 154 370 478 25 245 827 668 722 537 360 473 535 8 765 121 785 715 351 114 51 801 659 899 79 130 611 581 17 515 593 633 25 854 529 404 340 125 821 756 905 883 405 362 490 822 827 6 72 966 383 766 891 308
81  893 65 230 14 573 441 453 878 851 286 251 337 662 0 368 202 942 715 291 248 570 234 532 929 966 877 166 783 943 709 201 540 136 9 258 575 547 892 748 60 324 731 407 145 845 396 640 544 624 323 552 120 325 172 985 486 388 99 96 162 376 733 275 519 198 562 238 622 752 738 179 83 406 316 757 188 936 518 506 934 210 919 998 38 958 384 700 647 407 157 23 289 451 788 472 502 271 433 197 743 13 681 450 404 220 228 671 197 167 629 937 731 207 849 519 861 469 555 164 246 4 913 498 622 574 146 633 479
82  799 278 692 198 298 290 421 215 806 376 513 438 985 114 561 988 779 158 793 292 731 449 857 720 636 105 979 222 255 811 748 907 603 15 635 73 485 232 91 992 557 517 774 665 143 515 962 813 493 529 733 643 890 751 854 284 299 106 591 338 825 184 879 701 248 393 363 665 400 738 828 300 897 642 466 330 40 815 220 986 320 481 187 861 17 171 688 366 836 927 141 239 397 970 326 473 670 810 971 135 89 333 853 843 225 598 757 40 311 982 709 825 879 808 887 796 17 790 450 273 492 475 379 300 91 340 47 20
83  45 378 883 402 350 804 970 767 91 974 856 269 671 745 140 293 935 269 652 720 775 659 149 127 732 54 509 329 488 344 327 67 914 241 674 287 507 428 544 210 634 230 155 308 1 639 852 371 145 536 838 100 565 649 320 33 293 123 957 156 356 571 696 250 552 146 153 907 446 444 741 107 270 73 614 483 694 285 358 664 58 383 35 618 698 548 875 516 499 296 378 463 610 60 99 364 591 254 682 325 883 776 0 237 618 92 402 603 244 928 140 273 359 128 21 441 433 409 215 188 816 605 923 868 531 460 316 842
84  894 213 753 443 903 8 770 528 695 634 778 676 83 226 691 903 367 327 960 741 122 152 584 681 665 997 747 256 228 443 628 503 673 473 814 147 731 606 491 610 343 937 236 864 679 282 811 232 783 715 851 468 619 410 675 822 481 92 779 366 359 365 737 537 867 853 343 704 760 395 824 613 914 506 889 688 869 931 149 522 687 400 233 366 931 627 487 57 21 191 726 620 93 177 938 743 758 360 174 405 836 276 133 221 210 747 107 492 456 278 997 484 782 304 130 249 121 408 431 133 925 524 342 208 325 584 533 24
85  847 253 72 463 780 207 217 974 663 844 405 146 48 484 336 394 896 856 252 516 463 119 688 21 524 762 938 421 147 459 504 120 973 367 558 159 169 423 289 818 768 891 582 7 147 798 127 455 726 933 451 926 843 731 814 94 902 766 147 232 557 502 428 599 690 671 985 235 363 909 211 910 775 269 106 125 491 850 858 411 835 55 412 616 416 926 597 553 204 597 932 133 432 155 652 100 884 96 861 541 784 127 974 664 614 281 753 702 647 182 336 415 900 827 610 374 505 437 162 105 195 765 854 215 738 756 704 816
86  646 591 427 930 446 984 429 61 87 25 496 801 846 34 732 139 209 627 507 154 758 653 332 889 72 741 581 501 997 957 969 240 397 452 480 403 731 61 268 193 300 528 640 302 83 383 872 140 407 554 6 853 546 465 227 652 521 706 655 530 5 384 604 147 258 879 451 507 417 85 256 69 346 128 213 110 447 229 787 474 496 619 145 329 625 366 127 177 26 559 498 188 799 542 709 841 671 802 725 978 958 652 714 666 243 99 601 616 722 129 499 563 78 184 52 669 31 798 576 960 432 169 680 797 865 985 744 636
87  273 941 222 637 13 200 248 229 115 533 436 402 219 982 74 302 854 659 145 715 238 752 738 135 753 884 431 440 614 722 199 604 17 129 220 534 221 233 732 825 628 471 735 199 873 72 906 433 373 441 579 828 559 615 5 653 230 283 403 547 92 877 513 558 545 877 427 350 232 798 538 146 676 281 287 97 582 345 271 150 26 108 950 913 800 271 849 707 642 182 681 733 945 605 242 291 810 191 313 33 986 202 20 555 314 290 291 3 797 951 113 970 294 862 241 690 165 448 937 408 865 886 48 873 638 248 481 71
88  946 639 678 701 238 994 241 395 943 661 243 346 363 29 91 845 246 218 28 210 407 317 478 717 684 700 498 440 919 750 529 374 393 672 483 784 339 179 960 535 744 525 72 37 610 742 875 523 285 952 925 629 232 340 836 612 848 678 996 87 538 317 810 877 266 187 920 419 264 700 860 175 363 362 535 679 696 565 685 169 146 287 285 230 952 369 383 527 384 630 493 479 206 324 42 696 982 345 742 100 890 157 30 896 846 627 844 22 194 820 91 224 142 341 152 689 392 997 607 18 152 378 190 377 818 486 654 876
89  126 643 835 567 524 784 696 963 822 634 562 670 934 460 51 519 662 816 462 599 36 152 469 696 661 259 45 971 914 257 458 128 576 225 44 957 681 667 204 877 942 682 737 44 97 111 209 644 918 942 490 237 436 950 7 401 121 881 542 463 398 501 566 821 876 453 251 196 113 224 249 174 557 439 292 586 551 350 438 558 941 666 551 591 866 790 196 630 760 129 701 898 502 397 561 220 858 723 694 646 89 925 360 481 657 568 659 217 444 249 633 453 830 102 953 622 219 706 49 213 376 415 341 253 1 605 911 977
90  510 534 547 2 919 266 627 814 54 611 670 47 48 157 755 873 246 214 194 793 168 964 980 243 154 189 591 761 683 671 643 865 105 806 746 434 737 994 688 133 818 115 694 333 843 736 127 73 163 764 413 831 564 910 406 245 721 693 656 501 59 695 261 774 567 441 60 985 525 580 954 141 960 13 25 683 863 249 976 635 862 505 93 755 93 68 605 612 455 960 827 228 333 237 914 946 95 151 420 216 396 940 95 335 368 256 516 521 287 93 225 334 180 620 4 143 173 493 822 274 49 75 745 460 617 479 813 466
91  37 515 490 101 118 415 771 313 990 689 474 789 275 590 543 249 4 417 414 652 118 365 626 632 314 679 912 802 395 639 905 1 10 303 498 173 894 986 611 321 269 186 789 906 65 19 633 131 24 268 527 790 529 838 516 729 247 721 458 541 242 631 786 788 271 42 306 920 392 756 448 55 828 24 330 978 310 902 779 14 722 808 195 935 957 141 777 677 332 467 147 468 786 971 876 875 344 830 738 429 20 669 796 715 405 517 577 257 668 546 639 82 627 369 859 607 803 927 587 338 107 749 647 968 927 947 833 608
92  884 409 153 282 458 482 587 306 36 897 509 844 646 819 288 781 808 680 753 989 468 867 374 248 965 476 36 351 302 23 223 374 808 479 275 705 434 996 146 187 494 438 747 652 691 197 516 183 618 802 356 694 762 505 421 793 225 386 570 435 0 504 443 587 661 264 261 956 750 520 429 879 964 841 934 612 525 42 366 603 699 328 87 790 554 350 725 636 430 52 693 378 527 444 883 928 241 333 32 978 567 602 499 109 990 864 379 131 743 142 932 462 223 820 262 69 676 230 99 398 915 134 298 762 26 813 352 834
93  467 664 846 290 926 1 260 118 650 198 942 799 650 497 403 399 391 503 287 563 74 890 535 578 610 888 246 926 738 899 741 239 508 966 123 135 533 906 440 210 993 600 172 350 352 353 353 639 179 208 115 324 218 835 802 733 108 917 122 549 719 977 945 561 148 241 519 874 782 417 818 554 728 272 693 867 100 491 291 603 336 564 939 434 748 438 312 907 964 179 250 483 808 218 34 944 413 603 257 632 35 263 710 235 151 492 845 241 874 760 450 779 633 440 151 283 380 280 217 304 263 240 956 837 842 847 666 743
94  441 349 694 193 152 778 698 559 338 491 569 879 231 866 833 826 355 636 533 88 61 752 772 217 428 781 83 306 120 560 761 269 604 271 151 147 266 126 611 600 570 586 549 664 392 408 506 951 53 829 713 659 371 907 941 203 274 350 748 759 119 179 418 771 881 227 989 283 817 769 759 5 28 558 591 160 585 161 144 509 539 763 865 426 174 553 249 512 326 368 360 71 463 566 86 682 477 958 931 237 822 199 411 45 717 283 271 69 632 615 822 882 134 693 656 706 526 604 893 762 371 384 881 202 136 787 978 107
95  702 153 639 387 411 903 531 918 661 610 816 946 794 760 62 580 162 72 449 223 825 679 97 867 273 583 338 535 948 516 747 557 84 770 540 997 601 594 753 298 329 494 242 147 860 124 123 616 701 502 752 881 214 951 716 212 31 534 585 456 252 704 397 945 749 600 898 613 327 680 620 137 324 374 746 47 488 57 550 111 580 919 919 780 238 245 97 81 85 201 319 190 908 483 459 821 39 86 142 711 717 988 58 722 318 801 340 489 796 265 965 166 620 41 100 493 742 386 183 335 882 194 339 879 502 334 407 863
96  383 391 443 590 624 741 115 968 232 322 738 499 201 604 109 972 141 54 438 582 30 798 867 336 680 279 61 919 807 492 324 616 423 713 534 516 401 778 934 977 676 607 497 240 514 106 139 175 700 562 526 369 263 352 605 126 610 126 279 544 503 611 828 481 383 857 789 122 932 28 993 839 631 829 403 222 276 273 174 491 92 772 101 957 116 469 265 851 987 318 179 654 144 675 235 955 692 47 546 50 909 237 580 678 385 296 109 758 353 610 81 569 600 943 997 500 680 462 237 443 867 607 602 902 366 155 978 118
97  858 996 684 848 359 937 527 960 713 329 20 675 773 412 529 107 484 72 344 726 615 138 793 540 856 416 555 28 362 428 280 376 584 223 449 114 427 672 194 43 319 391 437 270 820 796 275 214 737 842 20 705 554 648 685 667 173 593 976 437 592 427 71 447 149 621 524 893 397 474 693 977 513 469 937 516 373 996 711 27 77 811 349 868 756 582 9 665 956 422 744 36 752 565 155 601 22 275 363 324 978 580 378 558 152 704 18 524 498 889 660 572 193 855 54 283 9 322 308 360 825 870 944 318 988 886 631 150
98  739 526 756 531 828 413 572 629 821 269 979 251 287 790 415 883 248 861 453 168 786 635 929 497 688 98 379 691 362 480 562 188 22 292 663 772 332 801 547 630 267 499 67 453 951 481 37 360 618 671 913 670 642 529 630 915 804 212 331 63 569 144 893 578 155 634 283 833 631 452 759 402 85 273 854 898 160 501 898 389 897 269 548 878 874 345 435 971 89 270 576 676 900 294 622 193 601 574 384 677 904 679 330 240 656 643 886 822 633 683 475 202 138 229 171 97 422 107 743 219 680 538 648 188 462 125 214 403
99  878 160 873 333 889 370 773 190 322 712 560 638 979 936 393 995 353 406 494 370 20 126 682 337 739 990 345 4 641 21 278 820 680 787 626 47 668 215 981 605 831 767 270 893 790 285 718 288 260 875 575 245 603 840 715 304 517 68 501 865 818 219 476 279 247 761 562 676 691 179 454 946 17 655 790 475 978 157 506 543 280 129 521 797 958 920 499 825 664 684 991 674 336 717 701 84 992 121 965 331 58 225 784 831 732 417 912 74 369 912 589 28 783 516 441 900 629 615 992 8 783 477 997 582 713 438 490 493
100  367 699 64 276 45 287 380 341 35 166 338 888 544 637 628 928 585 935 638 744 66 351 805 293 247 317 522 324 114 639 698 460 989 445 854 74 880 495 458 569 626 215 811 581 926 176 398 713 696 778 69 611 36 579 811 627 253 57 150 796 58 574 410 624 12 990 174 978 777 648 265 421 527 462 508 492 125 420 340 748 319 119 37 889 268 877 4 889 133 542 58 892 391 404 117 546 747 465 31 580 211 938 564 671 21 14 676 90 526 839 348 164 93 162 146 347 363 294 601 572 914 864 284 587 501 355 130 201
101  535 566 177 706 444 922 367 261 832 69 518 689 133 272 819 965 592 928 500 655 943 953 401 705 130 862 233 269 778 138 253 715 871 877 929 560 310 749 913 850 566 50 334 396 657 961 941 395 73 201 151 151 56 896 390 30 877 884 444 321 338 600 698 355 773 429 250 124 236 631 900 622 388 978 905 329 856 840 244 557 471 717 805 867 831 185 601 432 125 783 603 957 982 642 257 771 406 527 74 796 525 565 968 331 962 106 135 68 130 66 386 267 648 612 764 796 377 248 215 614 277 182 802 300 416 375 717 480
102  953 807 876 292 883 311 430 608 634 799 935 366 357 809 202 179 889 108 134 413 939 482 921 20 981 970 55 722 716 538 536 610 737 564 501 789 196 615 255 511 867 661 361 105 989 289 0 141 651 460 270 446 304 97 522 20 184 63 58 421 42 151 755 885 596 311 240 321 560 677 293 324 922 920 5 508 387 57 97 815 555 145 477 894 447 218 791 329 448 406 207 257 605 433 168 869 500 599 153 424 561 882 765 613 799 52 629 593 416 537 621 539 640 307 964 304 444 232 578 689 505 226 853 832 885 960 746 452
103  428 89 644 31 799 769 990 526 417 663 54 883 284 810 551 439 854 448 40 284 615 386 165 791 68 544 821 829 92 74 300 590 487 861 289 619 668 256 366 344 48 624 298 362 636 647 10 798 805 371 564 277 935 638 874 457 893 920 169 587 886 548 403 294 284 987 908 604 387 115 602 284 5 440 964 686 889 801 814 665 757 373 649 584 686 754 923 62 84 467 204 943 342 498 559 869 549 349 893 986 275 693 201 550 576 892 876 639 826 537 260 726 876 685 608 627 357 655 532 213 654 101 741 306 165 538 621 407
104  10 701 780 244 279 886 190 636 205 908 970 842 440 425 172 409 727 166 158 480 800 20 281 678 339 45 618 995 153 197 459 519 509 993 77 484 757 367 102 874 929 696 427 709 20 367 197 258 25 246 867 628 631 131 713 558 652 588 459 824 921 578 881 330 379 935 339 831 500 52 207 241 64 125 65 657 492 894 347 541 626 119 856 999 889 972 195 717 193 86 685 929 857 269 801 719 62 811 489 78 16 831 993 409 139 354 975 566 13 692 793 116 778 181 749 224 932 580 20 457 212 219 777 857 346 504 659 802
105  986 555 402 578 54 536 898 43 76 711 407 481 810 395 910 545 617 727 871 165 595 641 767 447 417 497 790 893 230 575 88 678 683 60 719 393 384 169 294 357 632 823 912 575 270 619 569 459 915 893 704 681 591 340 905 898 33 10 116 649 528 492 834 414 164 750 932 687 828 373 713 916 78 997 724 355 284 247 683 172 76 846 579 654 166 458 653 990 111 438 494 893 397 896 924 286 536 396 703 372 532 156 332 685 135 849 404 123 834 966 0 544 382 227 633 251 3 724 80 548 90 305 275 634 354 218 88 268
106  882 184 443 4 500 866 706 332 161 186 721 677 834 54 147 98 493 845 6 452 371 410 468 971 602 480 933 454 737 91 425 771 376 31 133 930 370 412 744 780 581 131 796 278 225 414 923 380 192 619 292 819 533 182 915 407 538 939 832 91 422 10 320 632 659 154 405 680 444 741 947 9 576 509 485 851 312 864 846 580 383 767 239 512 399 198 192 180 353 761 231 273 791 247 621 356 459 886 862 614 963 558 884 107 14 472 21 445 356 668 944 387 337 254 699 566 424 455 851 468 626 390 555 799 944 7 47 599
107  465 745 655 820 638 304 927 572 639 381 895 945 414 325 798 112 190 480 829 407 770 391 578 228 871 138 901 875 169 843 866 916 445 749 308 255 429 375 230 863 501 936 2 23 431 606 841 47 689 225 541 623 700 729 804 372 594 938 804 694 653 315 810 741 626 987 795 145 569 598 962 204 640 554 23 351 580 839 896 81 192 839 200 988 239 582 557 197 609 350 252 271 453 902 244 633 308 433 863 627 848 955 788 635 28 4 64 58 855 444 974 565 909 687 578 727 73 796 571 59 587 818 942 525 708 162 585 763
108  738 14 608 646 137 557 601 310 746 279 544 437 907 721 317 425 408 839 52 42 704 550 642 303 876 170 798 614 106 146 972 653 237 928 298 102 170 864 502 55 419 732 333 903 141 886 690 526 353 13 53 878 852 205 235 435 555 379 735 512 602 57 184 165 565 214 454 241 567 164 33 165 906 456 141 203 50 356 928 287 507 769 769 946 110 405 338 552 744 562 664 852 378 158 809 742 548 563 169 307 119 292 656 459 230 908 151 872 813 284 728 545 976 950 94 993 845 423 574 17 165 239 765 0 67 942 663 894
109  948 391 687 431 310 607 490 577 764 796 911 942 131 349 692 671 709 375 826 323 356 758 549 390 950 837 989 391 211 532 461 941 586 155 225 780 99 214 285 538 664 204 473 898 317 790 625 931 243 779 123 566 270 987 466 597 702 443 831 115 983 351 732 0 714 919 52 954 950 436 658 538 558 974 774 891 642 690 75 101 699 9 195 700 203 864 979 366 804 811 334 744 146 31 991 225 634 173 811 627 104 543 575 1 474 335 280 188 922 517 126 336 30 464 261 322 657 665 296 895 979 616 358 422 278 569 155 296
110  577 899 97 446 114 718 79 884 31 785 872 888 358 904 449 276 522 790 748 164 179 789 541 785 97 959 90 191 230 745 216 157 818 888 279 176 618 288 275 226 868 217 983 877 629 692 587 417 535 817 737 871 757 607 358 215 241 123 804 581 843 780 159 8 51 312 577 94 373 193 560 950 334 302 985 34 235 209 504 723 502 758 668 16 483 559 766 366 8 573 880 436 919 247 126 544 12 534 388 635 528 711 103 917 417 119 829 691 80 813 379 490 179 647 289 371 447 505 269 102 74 220 62 3 430 233 842 441
111  349 181 859 290 153 431 578 225 934 32 930 341 321 673 649 459 139 32 854 430 896 320 206 895 4 917 972 261 990 748 279 96 746 459 716 748 23 479 146 763 962 823 307 596 456 807 301 185 518 920 575 177 636 748 367 0 308 218 871 505 564 391 577 622 294 722 333 294 639 989 686 10 522 70 970 393 663 369 420 644 17 964 323 108 683 494 840 884 753 383 677 182 441 254 213 80 114 286 63 453 509 826 274 91 518 778 556 457 394 184 980 104 145 913 577 501 172 578 124 904 924 631 220 969 445 90 419 971
112  225 503 812 885 678 564 920 73 915 258 219 3 211 533 889 236 715 297 624 936 502 932 482 229 29 648 762 109 403 720 852 975 674 69 860 533 506 706 542 524 181 257 768 697 883 193 281 478 596 374 9 67 749 248 549 21 963 339 754 993 859 696 512 943 901 600 943 17 693 156 204 308 965 339 51 864 723 718 64 651 706 320 236 641 309 76 187 861 615 833 853 997 41 210 911 132 363 445 571 279 562 948 596 639 36 514 597 948 179 980 711 821 261 674 720 769 810 175 593 423 428 740 181 556 78 260 493 696
113  408 753 611 479 583 216 761 386 465 117 503 214 675 952 303 415 271 27 981 447 262 109 656 406 211 653 841 506 464 53 302 427 395 794 104 141 155 417 81 619 60 940 567 712 704 745 826 586 286 966 102 325 459 98 559 705 194 906 679 664 774 674 900 741 67 522 346 547 631 807 510 416 54 609 682 482 166 895 712 824 397 268 425 731 634 115 642 841 342 578 292 658 630 994 540 919 172 395 212 386 599 164 48 911 33 217 471 14 958 896 637 824 480 339 501 935 361 236 504 638 912 745 299 15 917 830 579 597
114  337 442 730 645 409 761 482 599 126 201 174 953 820 991 560 597 691 910 289 678 711 237 361 150 263 989 847 489 250 358 152 505 189 580 906 757 952 588 357 885 438 476 787 60 421 204 19 839 220 977 612 936 652 442 650 832 916 149 377 649 688 772 88 454 727 182 800 996 688 831 219 886 734 810 447 419 701 629 677 537 282 994 851 942 705 826 890 978 863 331 634 708 701 198 81 578 942 894 853 123 924 590 86 486 373 457 75 893 462 964 113 842 364 314 898 459 844 359 785 385 129 157 933 609 383 854 105 822
115  694 701 459 282 341 853 186 632 496 34 258 836 210 297 866 180 726 885 355 296 655 607 581 291 576 274 670 354 922 459 91 681 829 247 792 142 777 726 936 893 454 656 390 48 244 147 733 613 146 189 987 84 732 578 674 543 969 107 85 592 316 898 835 191 556 401 879 299 250 898 173 254 501 311 59 984 998 741 307 458 916 435 417 292 337 825 463 29 282 865 272 450 332 129 176 166 63 73 930 913 239 369 637 174 722 491 685 211 631 558 776 150 92 2 82 499 299 792 461 354 258 795 447 612 730 349 411 688
116  396 285 908 613 211 427 702 886 220 75 406 117 868 114 964 353 987 134 429 915 169 412 649 766 218 686 457 660 724 398 965 847 574 486 357 634 403 863 356 945 550 453 218 870 92 994 625 329 922 876 368 153 623 956 81 330 123 628 543 650 701 430 309 729 968 117 475 217 845 452 435 35 404 912 362 625 683 141 988 550 220 272 969 245 117 133 743 361 881 12 354 949 182 813 129 658 916 434 445 256 641 675 102 20 547 262 959 980 610 395 553 562 456 804 415 915 785 438 658 95 906 786 209 314 44 300 747 681
117  603 571 1 187 497 691 580 241 998 717 903 687 273 272 130 99 952 88 203 103 601 750 245 619 934 963 608 231 981 433 786 311 174 859 261 142 501 560 132 74 467 25 994 609 589 6 137 450 524 813 589 728 772 181 920 46 71 371 999 493 222 209 93 513 116 393 798 337 148 720 294 727 41 849 328 927 339 833 141 68 479 934 294 717 402 174 959 944 115 664 785 35 496 988 906 948 870 850 967 723 622 708 357 295 115 394 934 601 756 529 655 440 865 116 452 268 385 853 599 11 107 569 593 16 247 657 273 457
118  712 555 481 878 320 135 95 61 579 289 662 74 363 193 180 198 963 425 810 374 567 622 398 999 143 400 780 152 104 35 721 802 868 801 233 154 635 907 750 44 252 717 319 233 70 284 500 484 41 270 176 595 145 10 839 899 436 804 202 303 592 544 176 659 892 413 373 71 980 704 262 808 565 794 61 614 510 909 223 563 341 598 124 76 319 774 190 358 622 772 223 300 98 112 131 850 283 568 635 966 70 697 750 507 499 199 26 864 630 359 580 689 338 333 940 817 199 246 605 363 320 892 977 30 91 335 62 840
119  361 860 909 885 449 526 246 190 768 54 224 447 536 891 464 221 227 69 827 196 956 930 486 164 946 854 883 771 585 894 104 470 384 621 68 731 265 523 671 353 250 55 675 600 577 770 728 982 676 16 347 738 227 353 85 452 766 203 409 775 854 209 964 949 929 485 44 655 306 186 73 740 678 851 794 545 695 552 727 877 820 187 130 137 766 164 364 786 210 347 80 97 398 354 91 96 503 206 151 708 269 899 104 392 571 671 33 945 5 620 110 758 511 845 819 522 349 479 99 269 432 811 744 683 163 218 98 823
120  425 728 662 733 296 910 754 956 417 209 765 609 644 970 868 534 812 193 272 985 927 482 236 475 114 740 84 699 0 914 426 879 940 497 631 510 749 555 329 228 110 753 423 456 861 248 625 541 746 315 13 343 28 276 503 626 535 656 380 116 386 444 268 838 596 36 974 151 237 725 687 962 636 559 890 720 352 38 183 150 293 372 928 167 413 978 256 19 869 461 525 545 389 604 735 337 867 755 790 749 897 600 716 918 4 490 130 406 858 392 316 638 634 43 220 45 978 67 598 703 756 694 282 314 880 152 275 568
121  20 22 935 271 922 612 66 164 432 887 86 2 1 625 814 297 655 215 609 107 906 988 724 402 102 35 801 809 6 216 341 16 241 481 852 703 337 676 133 627 782 706 806 433 378 342 776 799 685 929 777 796 73 995 535 699 145 60 381 48 899 953 316 445 5 618 641 446 31 661 286 900 245 894 841 273 898 731 156 813 501 570 75 883 698 252 492 456 764 243 481 522 644 463 672 143 701 577 389 963 30 114 353 285 275 20 875 201 378 95 554 867 571 310 468 745 248 181 721 494 32 217 985 276 497 951 398 407
122  501 231 741 674 31 232 350 104 771 153 619 706 377 641 262 463 552 801 739 881 595 63 372 521 35 273 712 236 347 135 665 285 483 496 728 97 178 90 462 242 518 997 944 52 296 515 558 440 37 117 935 681 411 881 225 303 926 120 183 802 436 908 742 562 4 902 841 253 89 109 276 957 864 264 269 480 708 87 249 591 551 945 71 452 830 427 543 99 235 883 627 672 323 252 172 3 321 406 356 301 136 783 261 925 661 310 203 668 958 488 465 525 800 30 80 684 344 643 184 331 428 365 250 931 96 394 186 840
123  462 462 910 441 972 653 501 546 444 10 428 439 0 396 705 780 169 865 9 572 962 222 954 513 721 549 747 381 846 223 371 510 352 338 326 56 313 529 674 494 871 891 838 721 487 74 128 193 463 635 474 785 612 459 213 429 133 352 59 125 375 947 595 649 182 684 687 109 959 963 288 520 403 513 929 750 113 654 98 505 912 409 359 491 789 347 733 559 801 630 394 399 165 4 167 326 30 349 665 787 81 978 156 500 242 93 432 534 203 671 979 236 414 582 764 622 468 927 804 755 537 435 481 658 597 227 265 535
124  736 446 89 398 742 32 133 743 512 392 205 556 557 856 176 791 30 566 207 398 249 886 590 167 639 517 90 904 411 249 599 934 23 674 778 516 681 252 96 537 697 840 371 735 535 165 435 827 737 737 76 95 763 405 738 423 947 82 792 275 423 172 332 833 868 881 611 377 335 899 173 955 324 918 701 634 404 68 379 868 420 621 323 69 327 258 230 53 157 793 970 871 497 471 249 437 124 885 856 522 126 98 228 904 899 787 256 915 923 88 309 169 118 343 423 22 846 164 492 167 380 30 84 846 751 159 176 330
125  396 537 742 695 981 808 588 426 87 170 272 50 191 580 242 830 530 312 565 527 965 379 751 379 948 390 182 730 32 196 646 217 158 44 283 991 115 47 31 255 153 478 302 280 729 775 210 158 749 172 112 796 475 550 640 989 477 444 666 23 625 153 825 913 127 532 361 244 56 366 11 613 641 192 598 818 828 60 801 287 271 987 290 701 964 812 56 405 176 741 298 20 224 119 673 584 886 864 40 680 929 570 141 262 314 495 752 312 138 520 955 36 235 686 149 43 722 135 263 822 404 67 472 897 142 868 367 232
126  754 709 151 809 977 695 930 812 334 149 582 551 505 716 4 27 922 758 756 77 893 928 255 149 484 942 718 46 784 263 972 440 911 860 111 569 345 231 755 266 697 624 274 424 67 731 972 47 502 189 647 276 878 878 355 184 760 382 470 653 356 923 353 354 767 797 2 725 106 594 100 823 920 482 763 126 593 448 111 665 31 659 530 357 992 60 76 43 905 902 76 537 836 131 352 930 587 509 892 514 539 849 35 933 974 4 375 616 73 90 705 94 699 983 230 549 362 277 227 833 483 768 63 227 187 996 202 418
127  360 560 416 538 660 688 945 596 470 68 716 329 559 5 104 305 327 803 894 115 83 662 268 586 759 505 648 300 822 866 196 102 924 405 596 912 995 649 517 916 90 284 806 129 256 704 25 395 112 530 440 120 623 528 917 426 757 651 500 962 324 984 609 292 334 960 917 657 614 592 966 897 277 371 466 520 863 143 92 196 625 537 254 454 473 462 8 4 569 763 756 879 408 404 863 560 491 415 657 349 406 421 519 504 164 785 963 105 165 264 631 142 60 602 144 100 51 678 594 170 918 668 279 264 136 153 951 232
128  5 308 454 10 609 59 146 956 762 602 887 288 872 777 716 383 730 598 539 660 859 617 307 903 961 972 176 206 387 635 100 123 327 836 139 260 586 674 541 284 395 647 299 240 709 201 460 151 811 438 939 116 881 788 962 486 358 815 556 258 571 301 695 532 112 425 808 704 856 145 356 129 381 874 111 102 760 145 560 370 345 269 616 860 239 875 416 930 572 871 544 264 594 553 444 477 847 549 144 585 372 796 679 795 972 994 729 443 57 845 92 524 482 906 561 960 97 81 672 657 436 609 548 447 72 910 799 186
; 
 end;